u[s=0.26](
t[dx=0;dz=-1](
+(P,
t[dx=-2.5;dz=1.3](S),
t[dx=0;dz=1](S),
t[dx=2.5;dz=1.45](r[a=75;nx=0.578696;ny=0.57;nz=0.583276](u[s=0.8](B))))))